0 0.9265625 0.3421875 0.0734375 0.14140625
0 0.80546875 0.22109375 0.06953125 0.10234375
0 0.88359375 0.18984375 0.05625 0.09921875
0 0.81171875 0.06796875 0.046875 0.0671875
0 0.6265625 0.04140625 0.0984375 0.0734375
0 0.5328125 0.1265625 0.05546875 0.08125
0 0.653125 0.284375 0.06640625 0.11015625
0 0.56640625 0.225 0.07734375 0.09453125
0 0.32578125 0.29765625 0.05625 0.103125
0 0.49609375 0.453125 0.08359375 0.171875
0 0.46640625 0.1671875 0.05390625 0.10234375
0 0.3921875 0.078125 0.03125 0.06328125
0 0.3390625 0.0859375 0.05859375 0.06015625
0 0.2703125 0.1140625 0.04765625 0.03203125
0 0.2625 0.040625 0.053125 0.071875
0 0.0484375 0.078125 0.0546875 0.0671875
0 0.05 0.20625 0.05703125 0.096875
0 0.16015625 0.3515625 0.08671875 0.1515625
0 0.2578125 0.2109375 0.0765625 0.0625
0 0.76796875 0.878125 0.1453125 0.1484375
0 0.9640625 0.028125 0.04296875 0.03203125
0 0.95546875 0.084375 0.05625 0.06015625
